v3.0 hex words addressed
000: 930 100 c00 920 100 c10 a20 000 800 a10 000 200 df0 a00 000 800
010: a30 000 100 c30 901 a20 000 100 c20 bf3 000 000 000 000 000 000
020: 000 000 000 000 000 000 000 000 000 000 000 000 000 000 000 000
030: 000 000 000 000 000 000 000 000 000 000 000 000 000 000 000 000
040: 000 000 000 000 000 000 000 000 000 000 000 000 000 000 000 000
050: 000 000 000 000 000 000 000 000 000 000 000 000 000 000 000 000
060: 000 000 000 000 000 000 000 000 000 000 000 000 000 000 000 000
070: 000 000 000 000 000 000 000 000 000 000 000 000 000 000 000 000
080: 000 000 000 000 000 000 000 000 000 000 000 000 000 000 000 000
090: 000 000 000 000 000 000 000 000 000 000 000 000 000 000 000 000
0a0: 000 000 000 000 000 000 000 000 000 000 000 000 000 000 000 000
0b0: 000 000 000 000 000 000 000 000 000 000 000 000 000 000 000 000
0c0: 000 000 000 000 000 000 000 000 000 000 000 000 000 000 000 000
0d0: 000 000 000 000 000 000 000 000 000 000 000 000 000 000 000 000
0e0: 000 000 000 000 000 000 000 000 000 000 000 000 000 000 000 000
0f0: 000 000 000 000 000 000 000 000 000 000 000 000 000 000 000 000
100: 000 000 000 000 000 000 000 000 000 000 000 000 000 000 000 000
110: 000 000 000 000 000 000 000 000 000 000 000 000 000 000 000 000
120: 000 000 000 000 000 000 000 000 000 000 000 000 000 000 000 000
130: 000 000 000 000 000 000 000 000 000 000 000 000 000 000 000 000
140: 000 000 000 000 000 000 000 000 000 000 000 000 000 000 000 000
150: 000 000 000 000 000 000 000 000 000 000 000 000 000 000 000 000
160: 000 000 000 000 000 000 000 000 000 000 000 000 000 000 000 000
170: 000 000 000 000 000 000 000 000 000 000 000 000 000 000 000 000
180: 000 000 000 000 000 000 000 000 000 000 000 000 000 000 000 000
190: 000 000 000 000 000 000 000 000 000 000 000 000 000 000 000 000
1a0: 000 000 000 000 000 000 000 000 000 000 000 000 000 000 000 000
1b0: 000 000 000 000 000 000 000 000 000 000 000 000 000 000 000 000
1c0: 000 000 000 000 000 000 000 000 000 000 000 000 000 000 000 000
1d0: 000 000 000 000 000 000 000 000 000 000 000 000 000 000 000 000
1e0: 000 000 000 000 000 000 000 000 000 000 000 000 000 000 000 000
1f0: 000 000 000 000 000 000 000 000 000 000 000 000 000 000 000 000
200: 000 000 000 000 000 000 000 000 000 000 000 000 000 000 000 000
210: 000 000 000 000 000 000 000 000 000 000 000 000 000 000 000 000
220: 000 000 000 000 000 000 000 000 000 000 000 000 000 000 000 000
230: 000 000 000 000 000 000 000 000 000 000 000 000 000 000 000 000
240: 000 000 000 000 000 000 000 000 000 000 000 000 000 000 000 000
250: 000 000 000 000 000 000 000 000 000 000 000 000 000 000 000 000
260: 000 000 000 000 000 000 000 000 000 000 000 000 000 000 000 000
270: 000 000 000 000 000 000 000 000 000 000 000 000 000 000 000 000
280: 000 000 000 000 000 000 000 000 000 000 000 000 000 000 000 000
290: 000 000 000 000 000 000 000 000 000 000 000 000 000 000 000 000
2a0: 000 000 000 000 000 000 000 000 000 000 000 000 000 000 000 000
2b0: 000 000 000 000 000 000 000 000 000 000 000 000 000 000 000 000
2c0: 000 000 000 000 000 000 000 000 000 000 000 000 000 000 000 000
2d0: 000 000 000 000 000 000 000 000 000 000 000 000 000 000 000 000
2e0: 000 000 000 000 000 000 000 000 000 000 000 000 000 000 000 000
2f0: 000 000 000 000 000 000 000 000 000 000 000 000 000 000 000 000
300: 000 000 000 000 000 000 000 000 000 000 000 000 000 000 000 000
310: 000 000 000 000 000 000 000 000 000 000 000 000 000 000 000 000
320: 000 000 000 000 000 000 000 000 000 000 000 000 000 000 000 000
330: 000 000 000 000 000 000 000 000 000 000 000 000 000 000 000 000
340: 000 000 000 000 000 000 000 000 000 000 000 000 000 000 000 000
350: 000 000 000 000 000 000 000 000 000 000 000 000 000 000 000 000
360: 000 000 000 000 000 000 000 000 000 000 000 000 000 000 000 000
370: 000 000 000 000 000 000 000 000 000 000 000 000 000 000 000 000
380: 000 000 000 000 000 000 000 000 000 000 000 000 000 000 000 000
390: 000 000 000 000 000 000 000 000 000 000 000 000 000 000 000 000
3a0: 000 000 000 000 000 000 000 000 000 000 000 000 000 000 000 000
3b0: 000 000 000 000 000 000 000 000 000 000 000 000 000 000 000 000
3c0: 000 000 000 000 000 000 000 000 000 000 000 000 000 000 000 000
3d0: 000 000 000 000 000 000 000 000 000 000 000 000 000 000 000 000
3e0: 000 000 000 000 000 000 000 000 000 000 000 000 000 000 000 000
3f0: 000 000 000 000 000 000 000 000 000 000 000 000 000 000 000 000
400: 000 000 000 000 000 000 000 000 000 000 000 000 000 000 000 000
410: 000 000 000 000 000 000 000 000 000 000 000 000 000 000 000 000
420: 000 000 000 000 000 000 000 000 000 000 000 000 000 000 000 000
430: 000 000 000 000 000 000 000 000 000 000 000 000 000 000 000 000
440: 000 000 000 000 000 000 000 000 000 000 000 000 000 000 000 000
450: 000 000 000 000 000 000 000 000 000 000 000 000 000 000 000 000
460: 000 000 000 000 000 000 000 000 000 000 000 000 000 000 000 000
470: 000 000 000 000 000 000 000 000 000 000 000 000 000 000 000 000
480: 000 000 000 000 000 000 000 000 000 000 000 000 000 000 000 000
490: 000 000 000 000 000 000 000 000 000 000 000 000 000 000 000 000
4a0: 000 000 000 000 000 000 000 000 000 000 000 000 000 000 000 000
4b0: 000 000 000 000 000 000 000 000 000 000 000 000 000 000 000 000
4c0: 000 000 000 000 000 000 000 000 000 000 000 000 000 000 000 000
4d0: 000 000 000 000 000 000 000 000 000 000 000 000 000 000 000 000
4e0: 000 000 000 000 000 000 000 000 000 000 000 000 000 000 000 000
4f0: 000 000 000 000 000 000 000 000 000 000 000 000 000 000 000 000
500: 000 000 000 000 000 000 000 000 000 000 000 000 000 000 000 000
510: 000 000 000 000 000 000 000 000 000 000 000 000 000 000 000 000
520: 000 000 000 000 000 000 000 000 000 000 000 000 000 000 000 000
530: 000 000 000 000 000 000 000 000 000 000 000 000 000 000 000 000
540: 000 000 000 000 000 000 000 000 000 000 000 000 000 000 000 000
550: 000 000 000 000 000 000 000 000 000 000 000 000 000 000 000 000
560: 000 000 000 000 000 000 000 000 000 000 000 000 000 000 000 000
570: 000 000 000 000 000 000 000 000 000 000 000 000 000 000 000 000
580: 000 000 000 000 000 000 000 000 000 000 000 000 000 000 000 000
590: 000 000 000 000 000 000 000 000 000 000 000 000 000 000 000 000
5a0: 000 000 000 000 000 000 000 000 000 000 000 000 000 000 000 000
5b0: 000 000 000 000 000 000 000 000 000 000 000 000 000 000 000 000
5c0: 000 000 000 000 000 000 000 000 000 000 000 000 000 000 000 000
5d0: 000 000 000 000 000 000 000 000 000 000 000 000 000 000 000 000
5e0: 000 000 000 000 000 000 000 000 000 000 000 000 000 000 000 000
5f0: 000 000 000 000 000 000 000 000 000 000 000 000 000 000 000 000
600: 000 000 000 000 000 000 000 000 000 000 000 000 000 000 000 000
610: 000 000 000 000 000 000 000 000 000 000 000 000 000 000 000 000
620: 000 000 000 000 000 000 000 000 000 000 000 000 000 000 000 000
630: 000 000 000 000 000 000 000 000 000 000 000 000 000 000 000 000
640: 000 000 000 000 000 000 000 000 000 000 000 000 000 000 000 000
650: 000 000 000 000 000 000 000 000 000 000 000 000 000 000 000 000
660: 000 000 000 000 000 000 000 000 000 000 000 000 000 000 000 000
670: 000 000 000 000 000 000 000 000 000 000 000 000 000 000 000 000
680: 000 000 000 000 000 000 000 000 000 000 000 000 000 000 000 000
690: 000 000 000 000 000 000 000 000 000 000 000 000 000 000 000 000
6a0: 000 000 000 000 000 000 000 000 000 000 000 000 000 000 000 000
6b0: 000 000 000 000 000 000 000 000 000 000 000 000 000 000 000 000
6c0: 000 000 000 000 000 000 000 000 000 000 000 000 000 000 000 000
6d0: 000 000 000 000 000 000 000 000 000 000 000 000 000 000 000 000
6e0: 000 000 000 000 000 000 000 000 000 000 000 000 000 000 000 000
6f0: 000 000 000 000 000 000 000 000 000 000 000 000 000 000 000 000
700: 000 000 000 000 000 000 000 000 000 000 000 000 000 000 000 000
710: 000 000 000 000 000 000 000 000 000 000 000 000 000 000 000 000
720: 000 000 000 000 000 000 000 000 000 000 000 000 000 000 000 000
730: 000 000 000 000 000 000 000 000 000 000 000 000 000 000 000 000
740: 000 000 000 000 000 000 000 000 000 000 000 000 000 000 000 000
750: 000 000 000 000 000 000 000 000 000 000 000 000 000 000 000 000
760: 000 000 000 000 000 000 000 000 000 000 000 000 000 000 000 000
770: 000 000 000 000 000 000 000 000 000 000 000 000 000 000 000 000
780: 000 000 000 000 000 000 000 000 000 000 000 000 000 000 000 000
790: 000 000 000 000 000 000 000 000 000 000 000 000 000 000 000 000
7a0: 000 000 000 000 000 000 000 000 000 000 000 000 000 000 000 000
7b0: 000 000 000 000 000 000 000 000 000 000 000 000 000 000 000 000
7c0: 000 000 000 000 000 000 000 000 000 000 000 000 000 000 000 000
7d0: 000 000 000 000 000 000 000 000 000 000 000 000 000 000 000 000
7e0: 000 000 000 000 000 000 000 000 000 000 000 000 000 000 000 000
7f0: 000 000 000 000 000 000 000 000 000 000 000 000 000 000 000 000
800: 000 000 000 000 000 000 000 000 000 000 000 000 000 000 000 000
810: 000 000 000 000 000 000 000 000 000 000 000 000 000 000 000 000
820: 000 000 000 000 000 000 000 000 000 000 000 000 000 000 000 000
830: 000 000 000 000 000 000 000 000 000 000 000 000 000 000 000 000
840: 000 000 000 000 000 000 000 000 000 000 000 000 000 000 000 000
850: 000 000 000 000 000 000 000 000 000 000 000 000 000 000 000 000
860: 000 000 000 000 000 000 000 000 000 000 000 000 000 000 000 000
870: 000 000 000 000 000 000 000 000 000 000 000 000 000 000 000 000
880: 000 000 000 000 000 000 000 000 000 000 000 000 000 000 000 000
890: 000 000 000 000 000 000 000 000 000 000 000 000 000 000 000 000
8a0: 000 000 000 000 000 000 000 000 000 000 000 000 000 000 000 000
8b0: 000 000 000 000 000 000 000 000 000 000 000 000 000 000 000 000
8c0: 000 000 000 000 000 000 000 000 000 000 000 000 000 000 000 000
8d0: 000 000 000 000 000 000 000 000 000 000 000 000 000 000 000 000
8e0: 000 000 000 000 000 000 000 000 000 000 000 000 000 000 000 000
8f0: 000 000 000 000 000 000 000 000 000 000 000 000 000 000 000 000
900: 000 000 000 000 000 000 000 000 000 000 000 000 000 000 000 000
910: 000 000 000 000 000 000 000 000 000 000 000 000 000 000 000 000
920: 000 000 000 000 000 000 000 000 000 000 000 000 000 000 000 000
930: 000 000 000 000 000 000 000 000 000 000 000 000 000 000 000 000
940: 000 000 000 000 000 000 000 000 000 000 000 000 000 000 000 000
950: 000 000 000 000 000 000 000 000 000 000 000 000 000 000 000 000
960: 000 000 000 000 000 000 000 000 000 000 000 000 000 000 000 000
970: 000 000 000 000 000 000 000 000 000 000 000 000 000 000 000 000
980: 000 000 000 000 000 000 000 000 000 000 000 000 000 000 000 000
990: 000 000 000 000 000 000 000 000 000 000 000 000 000 000 000 000
9a0: 000 000 000 000 000 000 000 000 000 000 000 000 000 000 000 000
9b0: 000 000 000 000 000 000 000 000 000 000 000 000 000 000 000 000
9c0: 000 000 000 000 000 000 000 000 000 000 000 000 000 000 000 000
9d0: 000 000 000 000 000 000 000 000 000 000 000 000 000 000 000 000
9e0: 000 000 000 000 000 000 000 000 000 000 000 000 000 000 000 000
9f0: 000 000 000 000 000 000 000 000 000 000 000 000 000 000 000 000
a00: 000 000 000 000 000 000 000 000 000 000 000 000 000 000 000 000
a10: 000 000 000 000 000 000 000 000 000 000 000 000 000 000 000 000
a20: 000 000 000 000 000 000 000 000 000 000 000 000 000 000 000 000
a30: 000 000 000 000 000 000 000 000 000 000 000 000 000 000 000 000
a40: 000 000 000 000 000 000 000 000 000 000 000 000 000 000 000 000
a50: 000 000 000 000 000 000 000 000 000 000 000 000 000 000 000 000
a60: 000 000 000 000 000 000 000 000 000 000 000 000 000 000 000 000
a70: 000 000 000 000 000 000 000 000 000 000 000 000 000 000 000 000
a80: 000 000 000 000 000 000 000 000 000 000 000 000 000 000 000 000
a90: 000 000 000 000 000 000 000 000 000 000 000 000 000 000 000 000
aa0: 000 000 000 000 000 000 000 000 000 000 000 000 000 000 000 000
ab0: 000 000 000 000 000 000 000 000 000 000 000 000 000 000 000 000
ac0: 000 000 000 000 000 000 000 000 000 000 000 000 000 000 000 000
ad0: 000 000 000 000 000 000 000 000 000 000 000 000 000 000 000 000
ae0: 000 000 000 000 000 000 000 000 000 000 000 000 000 000 000 000
af0: 000 000 000 000 000 000 000 000 000 000 000 000 000 000 000 000
b00: 000 000 000 000 000 000 000 000 000 000 000 000 000 000 000 000
b10: 000 000 000 000 000 000 000 000 000 000 000 000 000 000 000 000
b20: 000 000 000 000 000 000 000 000 000 000 000 000 000 000 000 000
b30: 000 000 000 000 000 000 000 000 000 000 000 000 000 000 000 000
b40: 000 000 000 000 000 000 000 000 000 000 000 000 000 000 000 000
b50: 000 000 000 000 000 000 000 000 000 000 000 000 000 000 000 000
b60: 000 000 000 000 000 000 000 000 000 000 000 000 000 000 000 000
b70: 000 000 000 000 000 000 000 000 000 000 000 000 000 000 000 000
b80: 000 000 000 000 000 000 000 000 000 000 000 000 000 000 000 000
b90: 000 000 000 000 000 000 000 000 000 000 000 000 000 000 000 000
ba0: 000 000 000 000 000 000 000 000 000 000 000 000 000 000 000 000
bb0: 000 000 000 000 000 000 000 000 000 000 000 000 000 000 000 000
bc0: 000 000 000 000 000 000 000 000 000 000 000 000 000 000 000 000
bd0: 000 000 000 000 000 000 000 000 000 000 000 000 000 000 000 000
be0: 000 000 000 000 000 000 000 000 000 000 000 000 000 000 000 000
bf0: 000 000 000 000 000 000 000 000 000 000 000 000 000 000 000 000
c00: 000 000 000 000 000 000 000 000 000 000 000 000 000 000 000 000
c10: 000 000 000 000 000 000 000 000 000 000 000 000 000 000 000 000
c20: 000 000 000 000 000 000 000 000 000 000 000 000 000 000 000 000
c30: 000 000 000 000 000 000 000 000 000 000 000 000 000 000 000 000
c40: 000 000 000 000 000 000 000 000 000 000 000 000 000 000 000 000
c50: 000 000 000 000 000 000 000 000 000 000 000 000 000 000 000 000
c60: 000 000 000 000 000 000 000 000 000 000 000 000 000 000 000 000
c70: 000 000 000 000 000 000 000 000 000 000 000 000 000 000 000 000
c80: 000 000 000 000 000 000 000 000 000 000 000 000 000 000 000 000
c90: 000 000 000 000 000 000 000 000 000 000 000 000 000 000 000 000
ca0: 000 000 000 000 000 000 000 000 000 000 000 000 000 000 000 000
cb0: 000 000 000 000 000 000 000 000 000 000 000 000 000 000 000 000
cc0: 000 000 000 000 000 000 000 000 000 000 000 000 000 000 000 000
cd0: 000 000 000 000 000 000 000 000 000 000 000 000 000 000 000 000
ce0: 000 000 000 000 000 000 000 000 000 000 000 000 000 000 000 000
cf0: 000 000 000 000 000 000 000 000 000 000 000 000 000 000 000 000
d00: 000 000 000 000 000 000 000 000 000 000 000 000 000 000 000 000
d10: 000 000 000 000 000 000 000 000 000 000 000 000 000 000 000 000
d20: 000 000 000 000 000 000 000 000 000 000 000 000 000 000 000 000
d30: 000 000 000 000 000 000 000 000 000 000 000 000 000 000 000 000
d40: 000 000 000 000 000 000 000 000 000 000 000 000 000 000 000 000
d50: 000 000 000 000 000 000 000 000 000 000 000 000 000 000 000 000
d60: 000 000 000 000 000 000 000 000 000 000 000 000 000 000 000 000
d70: 000 000 000 000 000 000 000 000 000 000 000 000 000 000 000 000
d80: 000 000 000 000 000 000 000 000 000 000 000 000 000 000 000 000
d90: 000 000 000 000 000 000 000 000 000 000 000 000 000 000 000 000
da0: 000 000 000 000 000 000 000 000 000 000 000 000 000 000 000 000
db0: 000 000 000 000 000 000 000 000 000 000 000 000 000 000 000 000
dc0: 000 000 000 000 000 000 000 000 000 000 000 000 000 000 000 000
dd0: 000 000 000 000 000 000 000 000 000 000 000 000 000 000 000 000
de0: 000 000 000 000 000 000 000 000 000 000 000 000 000 000 000 000
df0: 000 000 000 000 000 000 000 000 000 000 000 000 000 000 000 000
e00: 000 000 000 000 000 000 000 000 000 000 000 000 000 000 000 000
e10: 000 000 000 000 000 000 000 000 000 000 000 000 000 000 000 000
e20: 000 000 000 000 000 000 000 000 000 000 000 000 000 000 000 000
e30: 000 000 000 000 000 000 000 000 000 000 000 000 000 000 000 000
e40: 000 000 000 000 000 000 000 000 000 000 000 000 000 000 000 000
e50: 000 000 000 000 000 000 000 000 000 000 000 000 000 000 000 000
e60: 000 000 000 000 000 000 000 000 000 000 000 000 000 000 000 000
e70: 000 000 000 000 000 000 000 000 000 000 000 000 000 000 000 000
e80: 000 000 000 000 000 000 000 000 000 000 000 000 000 000 000 000
e90: 000 000 000 000 000 000 000 000 000 000 000 000 000 000 000 000
ea0: 000 000 000 000 000 000 000 000 000 000 000 000 000 000 000 000
eb0: 000 000 000 000 000 000 000 000 000 000 000 000 000 000 000 000
ec0: 000 000 000 000 000 000 000 000 000 000 000 000 000 000 000 000
ed0: 000 000 000 000 000 000 000 000 000 000 000 000 000 000 000 000
ee0: 000 000 000 000 000 000 000 000 000 000 000 000 000 000 000 000
ef0: 000 000 000 000 000 000 000 000 000 000 000 000 000 000 000 000
f00: 000 000 000 000 000 000 000 000 000 000 000 000 000 000 000 000
f10: 000 000 000 000 000 000 000 000 000 000 000 000 000 000 000 000
f20: 000 000 000 000 000 000 000 000 000 000 000 000 000 000 000 000
f30: 000 000 000 000 000 000 000 000 000 000 000 000 000 000 000 000
f40: 000 000 000 000 000 000 000 000 000 000 000 000 000 000 000 000
f50: 000 000 000 000 000 000 000 000 000 000 000 000 000 000 000 000
f60: 000 000 000 000 000 000 000 000 000 000 000 000 000 000 000 000
f70: 000 000 000 000 000 000 000 000 000 000 000 000 000 000 000 000
f80: 000 000 000 000 000 000 000 000 000 000 000 000 000 000 000 000
f90: 000 000 000 000 000 000 000 000 000 000 000 000 000 000 000 000
fa0: 000 000 000 000 000 000 000 000 000 000 000 000 000 000 000 000
fb0: 000 000 000 000 000 000 000 000 000 000 000 000 000 000 000 000
fc0: 000 000 000 000 000 000 000 000 000 000 000 000 000 000 000 000
fd0: 000 000 000 000 000 000 000 000 000 000 000 000 000 000 000 000
fe0: 000 000 000 000 000 000 000 000 000 000 000 000 000 000 000 000
ff0: 000 000 000 000 000 000 000 000 000 000 000 000 000 000 000 000
